cam_model: Pinhole
cam_width: 1440
cam_height: 1080
scale: 1.0
fx: 1363.99324
fy: 1362.70434
cx: 710.95104
cy: 569.24445
d0: -0.136245
d1: 0.132247
d2: -0.000207
d3: 0.001075
cam_fx: 1363.99324
cam_fy: 1362.70434
cam_cx: 710.95104
cam_cy: 569.24445
cam_d0: -0.136245
cam_d1: 0.132247
cam_d2: -0.000207
cam_d3: 0.001075
