CameraName: hikrobot_camera
SerialNumber: YOUR_HIKROBOT_CAMERA_SERIAL
TopicName: /hikrobot_camera/rgb
CameraInfoTopicName: /hikrobot_camera/camera_info
FrameId: hikrobot_camera
TriggerEnable: 1
FrameRate: 10.0
PixelFormat: 0
Width: 1440
Height: 1080
CameraMatrix: [1363.99324, 0.0, 710.95104, 0.0, 1362.70434, 569.24445, 0.0, 0.0, 1.0]
DistortionCoefficients: [-0.136245, 0.132247, -0.000207, 0.001075, 0.0]
ProjectionMatrix: [1323.94861, 0.0, 711.47255, 0.0, 0.0, 1335.89893, 569.50401, 0.0, 0.0, 0.0, 1.0, 0.0]
